[999, 900, 850, 847, 634, 602, 593, 528, 484, 459, 186, 96, 87, 75, 75, 60, 31, 12] 3761 3759
[988, 929, 905, 889, 875, 666, 632, 630, 605, 591, 574, 504, 448, 444, 370, 359, 341, 67] 5513 5409
[943, 673, 665, 657, 508, 495, 487, 441, 358, 271, 125, 103, 27, 18] 2910 2886
[960, 884, 755, 709, 675, 666, 662, 659, 438, 348, 320, 268, 128, 124, 116, 112, 70, 36, 7] 3976 3969
[953, 889, 858, 735, 716, 621, 591, 587, 540, 523, 522, 348, 287, 235, 192, 138, 75, 45] 4439 4428
[952, 872, 853, 809, 729, 663, 656, 611, 587, 548, 509, 470, 440, 355, 346, 276, 271, 196, 35] 5109 5089
[998, 970, 908, 789, 768, 744, 689, 495, 366, 274, 56, 15] 3539 3536
[987, 937, 845, 796, 676, 575, 452, 241, 232, 226, 154, 50, 15] 3100 3093
[974, 884, 843, 829, 719, 119, 84] 2446 2391
[950, 653, 588, 479, 285, 277, 173, 121, 31] 1820 1781
[998, 967, 907, 901, 881, 866, 844, 803, 799, 786, 579, 425, 368, 319, 277, 192, 185, 75] 5640 5586
[922, 856, 832, 719, 684, 575, 572, 546, 447, 308, 149, 131, 108, 93, 55, 45, 36] 3542 3539
[945, 723, 694, 671, 508, 460, 419, 305, 303, 249, 89, 46] 2719 2707
[954, 944, 912, 684, 682, 646, 645, 582, 511, 489, 464, 421, 398, 356, 296, 263, 260, 214, 50] 4898 4886
[929, 695, 678, 341, 181, 131, 112] 1563 1554
[952, 941, 912, 899, 839, 835, 782, 769, 607, 570, 532, 494, 453, 431, 335, 213, 209, 197, 104] 5539 5537
[995, 995, 953, 923, 779, 660, 620, 499, 167, 87, 27, 6] 3363 3356
[987, 939, 922, 909, 787, 745, 694, 691, 580, 571, 510, 380, 354, 257, 247, 240, 226, 221, 109, 30] 5231 5200
[978, 973, 912, 701, 695, 653, 636, 484, 344, 321, 276, 271, 259, 210, 125] 3960 3919
[976, 959, 912, 876, 777, 762, 600, 574, 551, 411, 340, 283, 271, 144, 143, 122, 98, 4] 4426 4402
[995, 889, 885, 845, 806, 777, 721, 671, 581, 542, 379, 334, 308, 270, 243, 241, 136] 4871 4812
[964, 898, 884, 880, 876, 845, 807, 784, 691, 648, 555, 373, 334, 40, 12, 4] 4863 4798
[793, 729, 708, 690, 530, 529, 196, 193, 187, 171, 77, 55, 53, 10] 2480 2461
[882, 685, 530, 348, 260] 1475 1412
[918, 902, 862, 828, 653, 622, 605, 561, 492, 478, 404, 365, 335, 335, 320, 196, 158, 155, 65, 54] 4664 4654
[998, 959, 911, 909, 828, 756, 560, 540, 417, 359, 353, 334, 302, 274, 221, 163, 152, 1] 4567 4519
[903, 876, 815, 773, 752, 571, 402, 294, 193, 109, 46, 39, 5] 2896 2889
[995, 985, 984, 864, 861, 857, 550, 506, 467, 257, 143, 60, 12] 3792 3771
[957, 945, 938, 810, 782, 691, 690, 661, 590, 574, 528, 523, 513, 452, 427, 288, 228, 220, 161, 88] 5535 5533
[892, 852, 832, 679, 575, 440, 425, 231, 213, 143, 128, 42, 28] 2746 2741
[924, 857, 798, 761, 725, 680, 467, 449, 448, 161, 45, 9] 3277 3163
[956, 872, 850, 738, 693, 646, 642, 576, 562, 435, 399, 373, 344, 286, 182, 149, 8] 4366 4356
[979, 966, 936, 904, 825, 821, 763, 760, 748, 579, 534, 254, 239, 239, 150, 150] 4985 4924
[964, 933, 770, 748, 626, 581, 467, 450, 373, 339, 306, 259, 168, 149, 47] 3607 3590
[990, 873, 793, 708, 653, 596, 595, 487, 415, 321, 126, 84, 24] 3336 3333
[806, 746, 738, 655, 415, 390, 164, 132, 44] 2052 2050
[857, 835, 671, 643, 632, 615, 495, 413, 387, 345, 102, 55] 3034 3025
[886, 859, 817, 805, 789, 739, 684, 681, 439, 387, 374, 42] 3907 3751
[809, 806, 783, 714, 625, 591, 486, 475, 440, 433, 383, 317, 314, 188, 49, 30] 3724 3722
[893, 835, 812, 661, 661, 590, 536, 531, 481, 209, 207, 165, 142, 94, 84, 36] 3479 3469
[996, 969, 944, 899, 858, 753, 737, 554, 323, 156, 130, 121, 120, 56] 3809 3808
[789, 728, 569, 513, 368, 257, 244] 1803 1742
[946, 908, 727, 687, 610, 568, 486, 443, 419, 417, 384, 343, 235, 217, 216, 131, 120] 3957 3929
[979, 946, 938, 869, 865, 753, 713, 701, 565, 524, 286, 256, 227, 211, 145, 84, 73, 24, 21, 15] 4599 4598
[990, 840, 730, 690, 599, 512, 476, 357, 338, 204, 88, 66, 34] 2971 2962
[941, 924, 863, 854, 683, 619, 409, 362, 340, 320, 320, 118, 91, 73, 34, 28] 3500 3490
[809, 745, 727, 665, 588, 466, 163, 143, 62] 2203 2185
[860, 849, 765, 661, 599, 472, 249, 215, 36] 2371 2358
[969, 940, 854, 742, 702, 672, 407, 387, 234, 166, 114, 14] 3133 3101
[997, 902, 895, 667, 648, 638, 519, 430, 417, 360, 342, 293, 184, 161, 146, 143, 137, 72] 4008 3976
[989, 863, 827, 800, 672, 586, 553, 426, 354, 325, 287, 157, 109] 3506 3474
[993, 992, 991, 981, 961, 888, 800, 718, 634, 398, 386, 377, 174, 44] 4673 4669
[989, 949, 947, 932, 918, 904, 761, 724, 647, 624, 593, 443, 351, 282, 272, 197, 152, 16] 5417 5351
[928, 853, 846, 840, 791, 741, 712, 669, 653, 624, 594, 580, 547, 395, 265, 226, 211, 104, 81, 14] 5369 5337
[995, 855, 852, 834, 735, 545, 508, 493, 481, 449, 439, 437, 402, 341, 304, 254, 73] 4531 4499
[997, 964, 940, 936, 773, 699, 519, 479, 428, 329, 287, 277, 203, 184, 154] 4129 4085
[957, 913, 845, 800, 766, 661, 641, 525, 395, 391, 307, 301, 296, 281, 99] 4132 4089
[909, 766, 760, 740, 724, 699, 660, 578, 560, 380, 357, 280, 199, 74] 3862 3843
[925, 916, 890, 744, 704, 230, 216, 201, 187, 107, 90, 28, 14] 2650 2626
[905, 815, 805, 718, 684, 664, 660, 639, 517, 471, 469, 447, 367, 238, 192, 56] 4337 4324
[787, 755, 712, 682, 672, 665, 593, 589, 573, 494, 412, 305, 108] 3713 3674
[923, 866, 856, 808, 735, 413, 307, 262, 38] 2713 2611
[914, 762, 761, 752, 672, 621, 592, 580, 555, 465, 410, 391, 381, 370, 250, 217] 4362 4347
[942, 869, 813, 776, 665, 637, 631, 379, 362, 240, 235, 202, 190, 157] 3577 3549
[701, 657, 605, 531, 432, 359, 341, 334, 281, 89, 74, 59, 11, 6] 2243 2240
[742, 600, 597, 571, 561, 522, 474, 424, 400, 331, 326, 243, 210, 178, 173, 143, 106, 27, 11] 3343 3320
[923, 891, 838, 829, 762, 655, 631, 609, 475, 307, 296, 168, 167, 162, 115, 114, 99, 57, 51] 4087 4075
